-4.161305530082554105e-02
-1.041249331023805791e-01
-9.101893939624300378e-02
-9.577404668066247240e-02
-5.690830743684369142e-02
-6.396145581752077369e-02
-9.463875213012129528e-02
-6.668006171392538983e-02
-5.210599461035973767e-02
-7.440697969864747130e-02
-7.555057006574025791e-02
-9.136596957789325235e-02
-6.826457007532538146e-02
-4.167537937844191520e-02
-5.162020591815909276e-02
-8.388966005915994562e-02
-8.651439476036321130e-02
-8.306449113785456528e-02
-7.927428737987150809e-02
-7.605662446946091781e-02
-6.563565234443803631e-02
-7.327744144048417563e-02
-7.580880938317523243e-02
-6.742393405299461351e-02
-6.774294234627435685e-02
-7.121833423621003190e-02
-8.245777002316101445e-02
-7.467437532550805224e-02
-6.198208270058524344e-02
-6.563000146008918234e-02
-6.953859946508439416e-02
-8.292946841604613428e-02
-7.948652650894767746e-02
-6.817324086613199552e-02
-5.935043274548670866e-02
-6.562690662816356157e-02
-8.129769678777662434e-02
-7.938292216888725994e-02
-6.833776129360891183e-02
-7.780875742748787072e-02
-7.723464459489978728e-02
-7.503335993925547287e-02
-7.061998085693016458e-02
-1.018672354749017572e-01
-9.286957840337937975e-02
-7.066877527147280569e-02
-7.644503528353259469e-02
-2.590491431060278071e-02
2.980333648095145893e-02
4.016524722350823390e-02
2.216331753584374967e-02
-2.464518103283002554e-02
-5.978336044791902198e-02
-8.053379462313303705e-02
-6.042665374251978555e-02
1.930137632649592261e-02
2.770146632572365389e-02
2.636790230473575955e-02
2.219707970821362120e-02
3.398496913268548442e-02
5.266605464279190685e-02
3.061368606399842568e-02
-1.249456297550478184e-02
-9.215295573433337356e-03
3.941378855075715684e-03
5.338611223138350209e-02
6.986134349420919376e-02
5.420841828740556589e-02
6.807671245292724882e-02
6.888564392788054658e-02
6.753811155978493852e-02
6.944136155597219195e-02
6.512547496803940128e-02
6.390040112666799110e-02
6.887716276250505087e-02
6.438818387346151306e-02
5.157914345586576965e-02
4.212996689233727138e-02
6.615816015627068447e-02
6.160333011957123267e-02
5.680484665539733274e-02
4.870550294554116394e-02
5.567488209107163133e-02
5.071671822590383127e-02
4.548939237132186564e-02
4.587142290487171425e-02
5.714612502818679218e-02
5.282493922782209583e-02
5.080105012450592677e-02
3.212530906863807906e-02
1.100282188088270649e-02
-7.506996492968015522e-03
-1.819914141912845618e-02
-4.053568351921105900e-02
-2.392092421176306247e-03
4.245198063623227547e-02
4.089998626850183117e-02
5.060939276548735710e-02
4.910789833010036770e-02
4.474878092923467027e-02
2.733351703201554808e-02
4.466462894954058294e-02
4.574127182462907337e-02
4.243993751089948641e-02
4.299277984995936164e-02
4.528471027899932944e-02
4.683763975540485708e-02
4.835560973521293993e-02
3.737462134845117266e-03
-9.239769940959943750e-02
-9.327799328618452401e-02
-7.839052298379377282e-02
-8.759208932569764738e-02
-7.086724125321967882e-02
-6.836053354763174661e-02
-4.826079978105989737e-02
-5.126747596848026112e-02
-3.183908198815386947e-02
-7.339405352154510648e-03
-3.986509229734781778e-02
-2.346418429843232303e-02
-1.761614806064846356e-02
-2.709482295447634276e-03
-3.914531129617149219e-03
-5.285620020257611115e-03
-6.072340966179501712e-03
0.000000000000000000e+00
0.000000000000000000e+00
0.000000000000000000e+00
0.000000000000000000e+00
0.000000000000000000e+00
0.000000000000000000e+00
0.000000000000000000e+00
0.000000000000000000e+00
0.000000000000000000e+00
0.000000000000000000e+00
0.000000000000000000e+00
0.000000000000000000e+00
0.000000000000000000e+00
0.000000000000000000e+00
0.000000000000000000e+00
0.000000000000000000e+00
0.000000000000000000e+00
-1.935212165105123019e-02
-1.549023326884864729e-02
-5.733891824310063945e-02
-3.735480367175971622e-02
-7.225791396299416358e-02
-4.369736740532098596e-02
-4.522646295340131822e-02
-9.840506655176529949e-02
-1.011967016936852481e-01
-4.409565762982785297e-02
-9.021456637260495681e-02
-1.096664366933678553e-01
-1.090796433494768958e-01
-1.050118907679239988e-01
1.466702506249193023e-02
5.554968990006130258e-02
4.769042904130908755e-02
-2.576815542325214606e-02
-2.817803096609779179e-02
3.064382300694583686e-02
6.031541782481817521e-02
4.980667406228405508e-02
3.940841060893122971e-02
4.898821068720269484e-02
2.487800006087538193e-02
7.326999676020762298e-02
8.238193979123559219e-02
8.476008944706786563e-02
7.615747439645018102e-02
8.107384432559733289e-02
6.408020291131265311e-02
5.673549823201107234e-02
5.551130312345681911e-02
7.393545713585930601e-02
7.899291889508759656e-02
4.033765879715216912e-02
1.997869029271677477e-02
9.495321735976995636e-03
1.463328966809580509e-02
1.105742876480727069e-02
2.725314289285483971e-02
6.963174844446153033e-02
1.049940960240729332e-01
1.145458217842051929e-01
9.936372055405287562e-02
9.390717607211994389e-02
9.320070284693467155e-02
9.581414619895849138e-02
9.316248467277474243e-02
1.028951133341030333e-01
9.997408796584941748e-02
9.266873523346490227e-02
9.608887637116189651e-02
9.973313503692127213e-02
1.066495780980563912e-01
1.070524849399810963e-01
1.038576815722777602e-01
5.515313106973330354e-02
-3.786305908231043377e-02
-6.277765409541159747e-02
-7.410023606686112763e-02
-9.623822692828540304e-02
-7.684112954051712518e-02
-1.820163549322833044e-02
3.180418605759898626e-02
5.609624699217203442e-02
5.391645124531133787e-02
5.734242168348402391e-02
3.970618550337914193e-02
1.367443336738986132e-02
7.422181844376608828e-02
9.425337353981121102e-02
1.158155591903388681e-01
1.030269661895917149e-01
1.031333651950390451e-01
1.044151824192984940e-01
1.073077151547782021e-01
8.734595565030876807e-02
1.056001529504628639e-01
8.569943191007702021e-02
2.681746056690428176e-02
-5.183889408285253381e-03
-2.606862735056643052e-02
-7.128961507430600641e-02
-6.214408456450337681e-02
-9.488844843602779744e-02
-6.172959734188342151e-02
-5.147445203120808166e-02
-2.413589571488884006e-02
-5.262437066933847371e-03
1.353939462875882252e-02
-1.447266251460641723e-02
2.348755924778227200e-03
5.853173080657892574e-02
1.092604281445569425e-01
1.066446517812505851e-01
1.119311498232325869e-01
1.096430189458573318e-01
1.040341027541921565e-01
7.140949934673954114e-02
3.891827851157567131e-02
1.103300997817634882e-02
4.452664738172957062e-03
2.429698499854906536e-04
1.792866311626272607e-02
1.960756584674147249e-02
